error
  sigma      w        u       r        h
[2.60e-01 2.63e-01 9.53e-02 7.97e-02 6.59e-01 1.42e+03 1.42e+03 5.91e+02 5.91e+02 7.00e+04]
[1.96e-01 1.98e-01 6.11e-02 5.64e-02 5.37e-01 2.72e+03 2.72e+03 1.16e+03 1.16e+03 1.37e+05]
[1.35e-01 1.36e-01 4.19e-02 3.91e-02 4.04e-01 5.05e+03 5.05e+03 2.22e+03 2.22e+03 2.61e+05]
[6.89e-02 6.96e-02 1.42e-02 1.36e-02 2.24e-01 2.99e+04 2.99e+04 1.38e+04 1.38e+04 1.62e+06]

order
[1.37 1.33 1.14] sigma
[1.37 1.33 1.14] w
[2.17 1.32 1.85] u
[1.69 1.29 1.8 ] r