errors
  sigma     omega     u        r        h
[1.49e-01 1.55e-01 5.93e-02 4.57e-01 1.56e-01 3.24e+02 1.62e+02 1.67e+04]
[6.74e-02 7.06e-02 1.52e-02 2.26e-01 8.34e-02 1.23e+03 6.16e+02 6.80e+04]
[3.26e-02 3.42e-02 3.83e-03 1.13e-01 4.05e-02 4.80e+03 2.40e+03 2.73e+05]
[1.62e-02 1.70e-02 9.59e-04 5.66e-02 1.92e-02 1.90e+04 9.52e+03 1.10e+06]
[8.09e-03 8.49e-03 2.40e-04 2.83e-02 1.01e-02 7.60e+04 3.80e+04 4.41e+06]

order
[1.27 1.   0.94 1.08] sigma
[1.26 1.   0.93 1.08] omega
[2.18 1.91 1.85 2.15] u
[1.13 0.96 0.93 1.07] r