Errors
    sigma    w        u       r       h
[[5.35e-02 1.60e-01 3.98e-02 4.42e-01 1.56e-01 5.18e+02 2.59e+02 3.24e+02 1.62e+02 1.10e+04]
 [1.80e-02 8.04e-02 1.04e-02 2.24e-01 8.34e-02 1.91e+03 9.56e+02 1.23e+03 6.16e+02 4.17e+04]
 [5.28e-03 3.98e-02 2.57e-03 1.13e-01 4.05e-02 7.33e+03 3.66e+03 4.80e+03 2.40e+03 1.62e+05]
 [1.55e-03 2.00e-02 6.44e-04 5.65e-02 1.92e-02 2.88e+04 1.44e+04 1.90e+04 9.52e+03 6.43e+05]
 [5.05e-04 1.00e-02 1.61e-04 2.83e-02 1.01e-02 1.14e+05 5.72e+04 7.60e+04 3.80e+04 2.56e+06]]

order
[1.75 1.70 1.64 1.74] w
[1.11 0.97 0.92 1.07] omega
[2.15 1.94 1.85 2.15] u
[1.09 0.95 0.92 1.07] r